Version 0.9.7
11
 4 -3 199 77 128 0 1
 5 80 400 206 81 2 2
 0 96 115 877 276 8 3
 1 192 37 206 81 140 4
 1 402 32 206 81 164 6
 3 1172 20 203 58 176 7
 0 97 393 877 276 203 8
 0 974 394 877 276 371 9
 0 976 115 877 276 527 10
 1 670 32 206 81 795 12
 3 949 18 203 58 813 13
 0
311
 255 5 58 213 58 213 58 142 58 142 149 142 149 142 0 1 0 3
 65793 5 58 312 58 312 58 363 58 363 149 363 149 363 0 1 0 3
 255 5 162 142 162 142 162 142 162 181 162 181 162 181 0 3 0 3
 255 5 162 233 162 233 162 233 162 272 162 272 162 272 0 3 0 3
 255 5 207 48 207 48 175 48 175 48 175 142 175 142 0 4 0 3
 1052688 5 188 129 188 129 188 106 188 106 207 106 207 106 0 3 0 4
 16744448 5 381 74 381 74 372 74 372 181 370 181 370 181 0 4 0 3
 16777088 5 362 74 362 74 353 74 353 181 357 181 357 181 0 4 0 3
 8453888 5 343 74 343 74 331 74 331 74 331 181 331 181 0 4 0 3
 8454143 5 324 74 324 74 313 74 313 181 305 181 305 181 0 4 0 3
 8421631 5 305 74 305 74 296 74 296 181 292 181 292 181 0 4 0 3
 4194432 5 286 74 286 74 277 74 277 181 279 181 279 181 0 4 0 3
 16711808 5 267 74 267 74 258 74 258 181 266 181 266 181 0 4 0 3
 8404992 5 248 74 248 74 240 74 240 74 240 181 240 181 0 4 0 3
 8404992 5 591 69 591 69 601 69 601 181 591 181 591 181 0 6 0 3
 8404992 5 572 69 572 69 580 69 580 181 578 181 578 181 0 6 0 3
 8404992 5 553 69 553 69 561 69 561 181 565 181 565 181 0 6 0 3
 8404992 5 534 69 534 69 544 69 544 181 552 181 552 181 0 6 0 3
 8404992 5 515 69 515 69 524 69 524 181 526 181 526 181 0 6 0 3
 8404992 5 496 69 496 69 507 69 507 181 500 181 500 181 0 6 0 3
 8404992 5 477 69 477 69 485 69 485 181 487 181 487 181 0 6 0 3
 8404992 5 458 69 458 69 468 69 468 181 461 181 461 181 0 6 0 3
 65793 5 417 101 417 101 417 129 417 129 422 129 422 129 0 6 0 3
 255 5 417 43 417 43 399 43 399 142 396 142 396 142 0 6 0 3
 8388672 5 370 233 370 233 370 233 370 272 370 272 370 272 0 3 0 3
 8388672 5 370 285 370 285 370 285 682 285 682 285 682 285 0 3 0 3
 8388672 5 591 233 591 233 591 233 591 272 591 272 591 272 0 3 0 3
 65280 5 357 233 357 233 357 233 357 272 357 272 357 272 0 3 0 3
 65280 5 357 311 357 311 357 311 357 311 656 311 656 311 0 3 0 3
 65280 5 578 233 578 233 578 233 578 272 578 272 578 272 0 3 0 3
 65280 5 578 324 578 324 578 328 643 328 643 324 643 324 0 3 0 3
 12615680 5 331 194 331 194 331 195 656 195 656 194 656 194 0 3 0 3
 12615680 5 643 207 643 207 643 207 565 207 565 207 565 207 0 3 0 3
 255 5 630 181 630 181 630 181 630 142 630 142 630 142 0 3 0 3
 0 5 721 324 721 324 721 324 721 363 721 363 721 363 0 3 0 3
 8388736 5 682 220 682 220 682 216 305 216 305 220 305 220 0 3 0 3
 8388736 5 552 207 552 207 552 212 695 212 695 207 695 207 0 3 0 3
 8388736 5 591 298 591 298 591 294 695 294 695 298 695 298 0 3 0 3
 65793 5 708 285 708 285 708 285 721 285 721 285 721 285 0 3 0 3
 16711808 5 292 233 292 233 292 233 292 272 292 272 292 272 0 3 0 3
 16711808 5 292 324 292 324 292 331 825 331 825 324 825 324 0 3 0 3
 16711808 5 526 233 526 233 526 233 526 272 526 272 526 272 0 3 0 3
 16711808 5 526 298 526 298 526 293 838 293 838 298 838 298 0 3 0 3
 4227327 5 500 233 500 233 500 233 500 272 500 272 500 272 0 3 0 3
 4227327 5 500 298 500 298 500 292 786 292 786 298 786 298 0 3 0 3
 4227327 5 279 233 279 233 279 233 279 272 279 272 279 272 0 3 0 3
 4227327 5 279 311 279 311 279 316 799 316 799 311 799 311 0 3 0 3
 32768 5 487 207 487 207 487 213 786 213 786 207 786 207 0 3 0 3
 32768 5 266 194 266 194 266 186 799 186 799 194 799 194 0 3 0 3
 32768 5 461 207 461 207 461 213 838 213 838 207 838 207 0 3 0 3
 255 5 773 181 773 181 773 181 773 142 773 142 773 142 0 3 0 3
 65793 5 864 324 864 324 864 324 864 363 864 363 864 363 0 3 0 3
 255 5 162 324 162 324 161 324 161 376 162 376 162 376 0 3 0 3
 8388863 5 721 220 721 220 721 220 734 220 734 220 734 220 0 3 0 3
 8388863 5 734 233 734 233 734 233 734 272 734 272 734 272 0 3 0 3
 8388863 5 734 285 734 285 734 279 851 279 851 285 851 285 0 3 0 3
 255 5 149 376 149 376 149 420 149 420 150 420 150 420 0 3 0 8
 0 5 175 363 175 363 175 407 175 407 176 407 176 407 0 3 0 8
 255 5 163 420 163 420 163 420 163 459 163 459 163 459 0 8 0 8
 255 5 163 511 163 511 163 511 163 550 163 550 163 550 0 8 0 8
 255 5 163 602 163 602 163 602 163 654 163 654 163 654 0 8 0 8
 0 5 189 407 189 407 189 407 189 459 189 459 189 459 0 8 0 8
 0 5 189 511 189 511 189 511 189 550 189 550 189 550 0 8 0 8
 0 5 189 602 189 602 189 602 189 641 189 641 189 641 0 8 0 8
 255 5 228 459 228 459 228 459 228 420 228 420 228 420 0 8 0 8
 0 5 319 602 319 602 319 602 319 641 319 641 319 641 0 8 0 8
 4194432 5 331 233 331 233 331 233 331 272 331 272 331 272 0 3 0 3
 4194432 5 306 459 306 459 306 393 370 393 370 324 370 324 0 8 0 3
 4194432 5 357 324 357 385 470 385 470 459 280 459 280 459 0 3 0 8
 4194432 5 331 324 331 376 456 376 456 459 267 459 267 459 0 3 0 8
 4194432 5 305 233 305 233 305 233 305 272 305 272 305 272 0 3 0 3
 4194432 5 305 324 305 324 305 356 241 356 241 459 241 459 0 3 0 8
 4194432 5 591 324 591 324 591 405 319 405 319 459 319 459 0 3 0 8
 4194432 5 565 324 565 324 565 432 254 432 254 459 254 459 0 3 0 8
 4194432 5 565 272 565 272 565 272 565 233 565 233 565 233 0 3 0 3
 4194432 5 552 233 552 233 552 233 552 272 552 272 552 272 0 3 0 3
 4194432 5 552 324 552 324 552 459 552 459 553 459 553 459 0 3 0 8
 4194432 5 553 511 553 511 553 511 553 550 553 550 553 550 0 8 0 8
 4194432 5 553 589 553 589 553 612 228 612 228 589 228 589 0 8 0 8
 4194368 5 241 602 241 602 241 602 241 641 241 641 241 641 0 8 0 8
 4194368 5 267 602 267 602 267 602 267 641 267 641 267 641 0 8 0 8
 255 5 254 602 254 602 254 602 254 654 254 654 254 654 0 8 0 8
 255 5 371 459 371 459 371 459 371 420 371 420 371 420 0 8 0 8
 0 5 462 602 462 602 462 602 462 641 462 641 462 641 0 8 0 8
 16744703 5 292 311 292 311 292 364 449 364 449 459 449 459 0 3 0 8
 16744703 5 293 459 293 459 293 442 578 442 578 311 578 311 0 8 0 3
 16744703 5 423 459 423 459 423 351 279 351 279 324 279 324 0 8 0 3
 16744703 5 410 459 410 459 410 344 266 344 266 324 266 324 0 8 0 3
 16744703 5 266 272 266 272 266 272 266 233 266 233 266 233 0 3 0 3
 16744703 5 240 233 445 233 445 413 384 413 384 459 384 459 0 3 0 8
 16744703 5 487 233 487 233 487 233 487 272 487 272 487 272 0 3 0 3
 16744703 5 461 233 461 233 461 233 461 272 461 272 461 272 0 3 0 3
 16744703 5 500 324 500 324 500 389 436 389 436 459 436 459 0 3 0 8
 16744703 5 526 324 526 324 526 414 462 414 462 459 462 459 0 3 0 8
 16744703 5 487 324 487 324 397 324 397 324 397 459 397 459 0 3 0 8
 16744703 5 461 324 461 353 679 353 679 459 488 459 488 459 0 3 0 8
 16744703 5 488 511 488 511 488 511 488 550 488 550 488 550 0 8 0 8
 16744703 5 488 563 488 563 488 566 371 566 371 563 371 563 0 8 0 8
 8421376 5 306 602 306 602 306 602 306 602 384 602 384 602 0 8 0 8
 8421376 5 293 602 293 602 293 608 397 608 397 602 397 602 0 8 0 8
 8421376 5 280 576 280 576 280 576 410 576 410 576 410 576 0 8 0 8
 255 5 579 420 579 420 579 420 579 459 579 459 579 459 0 8 0 8
 255 5 696 459 696 459 696 459 696 420 696 420 696 420 0 8 0 8
 255 5 813 459 813 459 813 459 813 420 813 420 813 420 0 8 0 8
 0 5 670 602 670 602 670 602 670 641 670 641 670 641 0 8 0 8
 0 5 787 602 787 602 787 602 787 641 787 641 787 641 0 8 0 8
 0 5 904 602 904 602 904 602 904 641 904 641 904 641 0 8 0 8
 32896 5 306 472 306 472 306 472 332 472 332 472 332 472 0 8 0 8
 32896 5 332 550 332 550 332 550 332 511 332 511 332 511 0 8 0 8
 32896 5 332 563 332 563 332 570 592 570 592 563 592 563 0 8 0 8
 32896 5 592 576 592 576 592 583 826 583 826 576 826 576 0 8 0 8
 32896 5 319 498 319 498 319 498 345 498 345 498 345 498 0 8 0 8
 32896 5 345 511 345 511 345 511 345 550 345 550 345 550 0 8 0 8
 32896 5 345 563 345 563 345 547 605 547 605 563 605 563 0 8 0 8
 32896 5 605 576 605 576 605 569 839 569 839 576 839 576 0 8 0 8
 32896 5 280 485 280 485 280 486 358 486 358 485 358 485 0 8 0 8
 32896 5 358 511 358 511 358 511 358 550 358 550 358 550 0 8 0 8
 32896 5 358 563 358 563 358 566 631 566 631 563 631 563 0 8 0 8
 32896 5 631 576 631 576 631 581 865 581 865 576 865 576 0 8 0 8
 32896 5 293 498 293 498 293 498 501 498 501 498 501 498 0 8 0 8
 32896 5 501 511 501 511 501 511 501 550 501 550 501 550 0 8 0 8
 32896 5 501 563 501 563 501 557 644 557 644 563 644 563 0 8 0 8
 32896 5 644 589 644 589 644 596 878 596 878 589 878 589 0 8 0 8
 32896 5 267 485 267 485 267 478 644 478 644 485 644 485 0 8 0 8
 32896 5 254 498 254 498 254 503 657 503 657 498 657 498 0 8 0 8
 32896 5 644 472 644 472 644 464 878 464 878 472 878 472 0 8 0 8
 32896 5 657 485 657 485 657 492 891 492 891 485 891 485 0 8 0 8
 32896 5 241 485 241 485 241 479 605 479 605 485 605 485 0 8 0 8
 32896 5 605 472 605 472 605 478 839 478 839 472 839 472 0 8 0 8
 32896 5 553 498 553 498 553 493 618 493 618 498 618 498 0 8 0 8
 32896 5 618 485 618 485 618 488 852 488 852 485 852 485 0 8 0 8
 33023 5 449 472 449 472 449 463 514 463 514 472 514 472 0 8 0 8
 33023 5 514 511 514 511 514 511 514 550 514 550 514 550 0 8 0 8
 33023 5 514 602 514 602 514 606 709 606 709 602 709 602 0 8 0 8
 33023 5 423 472 423 472 423 466 527 466 527 472 527 472 0 8 0 8
 33023 5 527 511 527 511 527 511 527 550 527 550 527 550 0 8 0 8
 33023 5 527 602 527 602 527 612 748 612 748 602 748 602 0 8 0 8
 33023 5 410 472 410 472 410 457 540 457 540 472 540 472 0 8 0 8
 33023 5 748 589 748 589 748 614 1092 614 1092 590 1092 590 0 8 0 9
 33023 5 709 589 709 589 709 622 1053 622 1053 590 1053 590 0 8 0 9
 33023 5 761 498 761 498 761 514 540 514 540 498 540 498 0 8 0 8
 33023 5 761 459 761 459 761 445 1105 445 1105 460 1105 460 0 8 0 9
 33023 5 384 472 384 472 384 450 722 450 722 472 722 472 0 8 0 8
 33023 5 462 472 462 472 462 472 475 472 475 472 475 472 0 8 0 8
 33023 5 475 511 475 511 475 511 475 550 475 550 475 550 0 8 0 8
 33023 5 488 576 488 576 488 582 722 582 722 576 722 576 0 8 0 8
 33023 5 722 589 722 589 722 582 1066 582 1066 590 1066 590 0 8 0 9
 33023 5 436 485 436 485 436 485 566 485 566 485 566 485 0 8 0 8
 33023 5 566 511 566 511 566 511 566 550 566 550 566 550 0 8 0 8
 33023 5 566 589 566 589 566 599 761 599 761 589 761 589 0 8 0 8
 33023 5 761 602 761 602 761 610 1105 610 1105 590 1105 590 0 8 0 9
 33023 5 397 485 397 485 397 485 774 485 774 485 774 485 0 8 0 8
 33023 5 774 498 774 498 774 518 1118 518 1118 499 1118 499 0 8 0 9
 33023 5 488 472 488 472 488 472 735 472 735 472 735 472 0 8 0 8
 33023 5 735 459 735 459 1079 459 1079 459 1079 460 1079 460 0 8 0 9
 255 5 917 420 917 420 1027 420 1027 420 1027 421 1027 421 0 8 0 9
 255 5 1040 460 1040 460 1040 460 1040 421 1040 421 1040 421 0 9 0 9
 255 5 917 654 917 654 1027 654 1027 654 1027 655 1027 655 0 8 0 9
 0 5 917 641 917 641 1027 641 1027 641 1027 642 1027 642 0 8 0 9
 0 5 1053 460 1053 460 1053 460 1053 408 1053 408 1053 408 0 9 0 9
 0 5 826 459 826 459 826 459 826 407 826 407 826 407 0 8 0 8
 0 5 709 459 709 459 709 459 709 407 709 407 709 407 0 8 0 8
 0 5 592 459 592 459 592 459 592 407 592 407 592 407 0 8 0 8
 16776960 5 449 589 449 589 449 589 579 589 579 589 579 589 0 8 0 8
 16776960 5 579 563 579 563 579 557 696 557 696 563 696 563 0 8 0 8
 16776960 5 423 602 423 602 423 612 813 612 813 602 813 602 0 8 0 8
 16776960 5 813 563 813 563 813 556 1040 556 1040 564 1040 564 0 8 0 9
 128 5 852 602 852 602 852 627 1183 627 1183 603 1183 603 0 8 0 9
 128 5 891 576 891 576 891 557 1209 557 1209 577 1209 577 0 8 0 9
 128 5 904 498 904 498 1001 498 1001 498 1001 499 1001 499 0 8 0 9
 128 5 1001 551 1001 551 1001 551 1001 512 1001 512 1001 512 0 9 0 9
 128 5 1001 577 1001 577 1001 583 1235 583 1235 577 1235 577 0 9 0 9
 128 5 865 485 865 485 1196 485 1196 485 1196 486 1196 486 0 8 0 9
 128 5 1079 577 1079 577 1079 571 1144 571 1144 577 1144 577 0 9 0 9
 128 5 1144 551 1144 551 1144 551 1144 512 1144 512 1144 512 0 9 0 9
 128 5 1144 499 1144 499 1144 504 1222 504 1222 499 1222 499 0 9 0 9
 128 5 1118 577 1118 577 1118 577 1157 577 1157 577 1157 577 0 9 0 9
 128 5 1157 551 1157 551 1157 551 1157 512 1157 512 1157 512 0 9 0 9
 128 5 1157 499 1157 499 1157 493 1248 493 1248 499 1248 499 0 9 0 9
 128 5 1131 473 1131 473 1131 478 1313 478 1313 473 1313 473 0 9 0 9
 128 5 1092 473 1092 473 1092 434 1339 434 1339 473 1339 473 0 9 0 9
 255 5 1300 460 1300 460 1300 460 1300 421 1300 421 1300 421 0 9 0 9
 255 5 1417 460 1417 460 1417 460 1417 421 1417 421 1417 421 0 9 0 9
 255 5 1547 460 1547 460 1547 460 1547 421 1547 421 1547 421 0 9 0 9
 0 5 1261 603 1261 603 1261 603 1261 642 1261 642 1261 642 0 9 0 9
 0 5 1378 603 1378 603 1378 603 1378 642 1378 642 1378 642 0 9 0 9
 0 5 1508 603 1508 603 1508 603 1508 642 1508 642 1508 642 0 9 0 9
 0 5 1638 603 1638 603 1638 603 1638 642 1638 642 1638 642 0 9 0 9
 0 5 1131 603 1131 603 1131 603 1131 642 1131 642 1131 642 0 9 0 9
 255 5 1183 460 1183 460 1183 460 1183 421 1183 421 1183 421 0 9 0 9
 65793 5 917 407 917 407 1027 407 1027 407 1027 408 1027 408 0 8 0 9
 12615935 5 618 589 618 589 618 597 1469 597 1469 590 1469 590 0 8 0 9
 12615935 5 657 589 657 589 657 634 1443 634 1443 590 1443 590 0 8 0 9
 12615935 5 670 498 670 498 1443 498 1443 498 1443 499 1443 499 0 8 0 9
 12615935 5 1196 603 1196 603 1196 613 1482 613 1482 603 1482 603 0 9 0 9
 12615935 5 1222 603 1222 603 1222 625 1430 625 1430 603 1430 603 0 9 0 9
 255 5 1495 603 1495 603 1495 603 1495 655 1495 655 1495 655 0 9 0 9
 8388736 5 1508 499 1508 499 1508 499 1521 499 1521 499 1521 499 0 9 0 9
 8388736 5 1521 512 1521 512 1521 512 1521 551 1521 551 1521 551 0 9 0 9
 8388736 5 1521 603 1521 603 1521 622 1625 622 1625 603 1625 603 0 9 0 9
 8388736 5 735 563 735 563 735 557 1599 557 1599 564 1599 564 0 8 0 9
 8388736 5 1573 564 1573 564 1573 555 774 555 774 563 774 563 0 9 0 8
 8388736 5 787 498 787 498 787 492 1573 492 1573 499 1573 499 0 8 0 9
 8388736 5 748 498 748 498 748 440 1599 440 1599 499 1599 499 0 8 0 9
 12615935 5 631 498 631 498 631 515 1469 515 1469 499 1469 499 0 8 0 9
 12615935 5 1248 577 1248 577 1248 577 1274 577 1274 577 1274 577 0 9 0 9
 12615935 5 1274 499 1274 499 1274 505 1430 505 1430 499 1430 499 0 9 0 9
 12615935 5 1209 499 1209 499 1209 491 1482 491 1482 499 1482 499 0 9 0 9
 4194432 5 1235 460 1235 460 1235 460 1287 460 1287 460 1287 460 0 9 0 9
 4194432 5 1287 512 1287 512 1287 512 1287 551 1287 551 1287 551 0 9 0 9
 4194432 5 1612 577 1612 577 1612 584 1287 584 1287 577 1287 577 0 9 0 9
 4194432 5 1261 486 1261 486 1261 491 1391 491 1391 486 1391 486 0 9 0 9
 4194432 5 1391 512 1391 512 1391 512 1391 551 1391 551 1391 551 0 9 0 9
 4194432 5 1391 577 1391 577 1391 571 1560 571 1560 577 1560 577 0 9 0 9
 4194432 5 1326 486 1326 486 1326 480 1560 480 1560 486 1560 486 0 9 0 9
 4194432 5 1352 473 1352 473 1352 466 1612 466 1612 473 1612 473 0 9 0 9
 65535 5 669 298 669 298 669 303 1055 303 1055 298 1055 298 0 3 0 10
 65535 5 630 298 630 298 630 291 1094 291 1094 298 1094 298 0 3 0 10
 65535 5 1107 220 1107 220 1107 225 669 225 669 220 669 220 0 10 0 3
 65535 5 708 207 708 207 708 199 1068 199 1068 207 1068 207 0 3 0 10
 65535 5 773 298 773 298 773 316 1237 316 1237 298 1237 298 0 3 0 10
 65535 5 812 298 812 298 812 304 1198 304 1198 298 1198 298 0 3 0 10
 65535 5 851 194 851 194 851 187 1211 187 1211 194 1211 194 0 3 0 10
 65535 5 812 207 812 207 812 212 1250 212 1250 207 1250 207 0 3 0 10
 65535 5 1456 564 1456 564 1456 564 1404 564 1404 564 1404 564 0 9 0 9
 65535 5 1404 551 1404 551 1404 551 1404 512 1404 512 1404 512 0 9 0 9
 65535 5 1404 460 1404 460 1404 333 1068 333 1068 324 1068 324 0 9 0 10
 65535 5 1417 577 1417 577 1417 577 1534 577 1534 577 1534 577 0 9 0 9
 65535 5 1534 551 1534 551 1534 551 1534 512 1534 512 1534 512 0 9 0 9
 65535 5 1456 460 1456 460 1456 324 1456 324 1458 324 1458 324 0 9 0 10
 65535 5 1458 272 1458 272 1458 272 1458 233 1458 233 1458 233 0 10 0 10
 65535 5 1458 220 1458 220 1458 213 1120 213 1120 220 1120 220 0 10 0 10
 65535 5 1495 460 1495 460 1495 324 1495 324 1497 324 1497 324 0 9 0 10
 65535 5 1497 272 1497 272 1497 272 1497 233 1497 233 1497 233 0 10 0 10
 65535 5 1497 207 1497 207 1497 199 1081 199 1081 207 1081 207 0 10 0 10
 65535 5 1547 564 1547 564 1547 572 1651 572 1651 564 1651 564 0 9 0 9
 65535 5 1586 564 1586 564 1586 559 1664 559 1664 564 1664 564 0 9 0 9
 65535 5 1651 551 1651 551 1651 551 1651 512 1651 512 1651 512 0 9 0 9
 65535 5 1664 512 1664 512 1664 512 1664 551 1664 551 1664 551 0 9 0 9
 65535 5 1651 460 1651 460 1651 324 1651 324 1653 324 1653 324 0 9 0 10
 65535 5 1666 324 1666 324 1666 460 1666 460 1664 460 1664 460 0 10 0 9
 65535 5 1653 311 1653 311 1653 317 1250 317 1250 311 1250 311 0 10 0 10
 65535 5 1666 298 1666 298 1666 291 1211 291 1211 298 1211 298 0 10 0 10
 65535 5 1586 460 1586 460 1586 324 1586 324 1588 324 1588 324 0 9 0 10
 65535 5 1588 233 1588 233 1588 233 1588 272 1588 272 1588 272 0 10 0 10
 65535 5 1588 220 1588 220 1588 227 1263 227 1263 220 1263 220 0 10 0 10
 65535 5 1625 460 1625 460 1625 324 1625 324 1627 324 1627 324 0 9 0 10
 65535 5 1627 272 1627 272 1627 272 1627 233 1627 233 1627 233 0 10 0 10
 65535 5 1224 181 1224 181 1224 173 1627 173 1627 181 1627 181 0 10 0 10
 65793 5 1055 181 1055 181 1055 181 1055 129 1055 129 1055 129 0 10 0 10
 65793 5 1029 129 1029 129 1029 129 916 129 916 129 916 129 0 10 0 3
 65793 5 1198 129 1198 129 1198 129 1198 181 1198 181 1198 181 0 10 0 10
 65793 5 916 363 916 363 916 363 1029 363 1029 363 1029 363 0 3 0 10
 255 5 916 376 916 376 916 376 1029 376 1029 376 1029 376 0 3 0 10
 255 5 1042 181 1042 181 1042 181 1042 142 1042 142 1042 142 0 10 0 10
 255 5 1029 142 1029 142 1029 140 916 140 916 142 916 142 0 10 0 3
 255 5 1185 142 1185 142 1185 142 1185 142 1185 181 1185 181 0 10 0 10
 255 5 1328 181 1328 181 1328 181 1328 142 1328 142 1328 142 0 10 0 10
 0 5 1133 324 1133 324 1133 324 1133 363 1133 363 1133 363 0 10 0 10
 0 5 1276 324 1276 324 1276 324 1276 363 1276 363 1276 363 0 10 0 10
 0 5 1419 324 1419 324 1419 324 1419 363 1419 363 1419 363 0 10 0 10
 0 5 1341 181 1341 181 1341 181 1341 129 1341 129 1341 129 0 10 0 10
 0 5 685 101 685 101 682 101 682 101 682 129 682 129 0 12 0 3
 255 5 685 43 685 43 656 43 656 43 656 142 656 142 0 12 0 3
 32768 5 859 69 885 69 885 111 1172 111 1172 181 1172 181 0 12 0 10
 32768 5 1172 233 1172 233 1172 233 1172 272 1172 272 1172 272 0 10 0 10
 32768 5 1172 285 1172 285 1172 279 1042 279 1042 285 1042 285 0 10 0 10
 32768 5 1172 298 1172 298 1172 298 1185 298 1185 298 1185 298 0 10 0 10
 32768 5 1172 324 1172 324 1172 329 1328 329 1328 324 1328 324 0 10 0 10
 32768 5 1328 311 1328 311 1328 317 1692 317 1692 311 1692 311 0 10 0 10
 32768 5 1703 590 1703 590 1703 590 1014 590 1014 590 1014 590 0 9 0 9
 32768 5 683 563 683 563 1014 563 1014 563 1014 564 1014 564 0 8 0 9
 32768 5 683 576 683 576 683 576 449 576 449 576 449 576 0 8 0 8
 32768 5 1703 551 1703 551 1703 551 1703 512 1703 512 1703 512 0 9 0 9
 32768 5 1703 460 1703 460 1703 324 1703 324 1705 324 1705 324 0 9 0 10
 8454143 5 864 220 864 220 864 225 1003 225 1003 220 1003 220 0 3 0 10
 8454143 5 1003 233 1003 233 1003 233 1003 272 1003 272 1003 272 0 10 0 10
 8454143 5 1003 298 1003 298 1003 305 1341 305 1341 298 1341 298 0 10 0 10
 0 5 1354 324 1354 324 1354 324 1354 363 1354 363 1354 363 0 10 0 10
 8454143 5 1534 460 1534 460 1534 387 1107 387 1107 324 1107 324 0 9 0 10
 0 5 1380 324 1380 324 1380 324 1380 363 1380 363 1380 363 0 10 0 10
 8454143 5 1718 298 1718 298 1718 303 1393 303 1393 298 1393 298 0 10 0 10
 16744448 5 1081 285 1081 285 1081 290 1146 290 1146 285 1146 285 0 10 0 10
 16744448 5 1146 272 1146 272 1146 272 1146 233 1146 233 1146 233 0 10 0 10
 16744448 5 1146 181 1146 181 1146 77 1358 77 1358 64 1358 64 0 10 0 7
 16744448 5 1120 298 1120 298 1120 292 1159 292 1159 298 1159 298 0 10 0 10
 16744448 5 1159 272 1159 272 1159 272 1159 233 1159 233 1159 233 0 10 0 10
 16744448 5 1159 181 1159 181 1159 83 1338 83 1338 64 1338 64 0 10 0 7
 16744448 5 1133 181 1133 181 1133 89 1318 89 1318 64 1318 64 0 10 0 7
 16744448 5 1094 181 1088 181 1088 102 1298 102 1298 64 1298 64 0 10 0 7
 16744448 5 1224 298 1224 298 1224 303 1289 303 1289 298 1289 298 0 10 0 10
 16744448 5 1289 272 1289 272 1289 272 1289 233 1289 233 1289 233 0 10 0 10
 16744448 5 1289 181 1289 181 1289 64 1289 64 1278 64 1278 64 0 10 0 7
 16744448 5 1263 285 1263 285 1263 277 1302 277 1302 285 1302 285 0 10 0 10
 16744448 5 1302 233 1302 233 1302 233 1302 272 1302 272 1302 272 0 10 0 10
 16744448 5 1302 181 1301 181 1301 113 1258 113 1258 64 1258 64 0 10 0 7
 16744448 5 1276 220 1276 220 1274 220 1274 122 1238 122 1238 64 0 10 0 7
 16744448 5 1237 181 1237 181 1220 181 1220 64 1218 64 1218 64 0 10 0 7
 16744448 5 1367 285 1367 285 1367 285 1315 285 1315 285 1315 285 0 10 0 10
 16744448 5 1315 272 1315 272 1315 272 1315 233 1315 233 1315 233 0 10 0 10
 16744448 5 1315 181 1315 181 1315 155 1127 155 1127 62 1135 62 0 10 0 13
 16744448 5 1406 285 1406 285 1406 285 1432 285 1432 285 1432 285 0 10 0 10
 16744448 5 1432 272 1432 272 1432 272 1432 233 1432 233 1432 233 0 10 0 10
 16744448 5 1432 181 1432 181 1432 167 1095 167 1095 62 1095 62 0 10 0 13
 0 5 201 129 201 129 201 129 201 181 201 181 201 181 0 3 0 3
 0 5 201 233 201 233 201 233 201 272 201 272 201 272 0 3 0 3
 0 5 201 324 201 324 201 324 201 363 201 363 201 363 0 3 0 3
 0 5 960 55 960 55 960 118 1068 118 1068 129 1068 129 0 13 0 10
 0 5 1183 57 1183 57 1183 113 1211 113 1211 129 1211 129 0 7 0 10
 0 5 1770 324 1770 324 1770 324 1770 363 1770 363 1770 363 0 10 0 10
 255 5 1692 181 1692 181 1692 181 1692 142 1692 142 1692 142 0 10 0 10
16
 7283 1 16 624 233 5 0 8583336 21283008 3
 7283 1 16 767 233 5 0 8583336 21283008 3
 7085 1 16 222 511 5 0 8583336 21283008 8
 7085 1 16 365 511 5 0 8583336 21283008 8
 7157 1 16 573 511 5 0 8583336 21283008 8
 7157 1 16 690 511 5 0 8583336 21283008 8
 7157 1 16 807 511 5 0 8583336 21283008 8
 7157 1 16 1034 512 5 0 8583336 21283008 9
 7004 1 14 1177 512 5 0 8583336 21283008 9
 7004 1 14 1294 512 5 0 8583336 21283008 9
 7283 1 16 1411 512 5 0 8583336 21283008 9
 7283 1 16 1541 512 5 0 8583336 21283008 9
 7157 1 16 1036 233 5 0 8583336 21283008 10
 7157 1 16 1179 233 5 0 8583336 21283008 10
 7157 1 16 1322 233 5 0 8583336 21283008 10
 7008 1 14 1686 233 5 0 8583336 21283008 10
